# Synthetic example - per-residue RMSF
# residue  RMSF(A)
1  0.928
2  0.994
3  0.629
4  0.811
5  0.651
6  0.690
7  0.737
8  0.677
9  0.726
10  0.762
11  0.598
12  0.670
13  0.894
14  0.645
15  0.642
16  0.652
17  0.757
18  0.726
19  0.921
20  0.740
21  0.902
22  0.742
23  0.769
24  0.963
25  0.712
26  0.719
27  0.728
28  0.741
29  0.994
30  0.939
31  0.649
32  0.800
33  0.859
34  0.730
35  0.685
36  0.552
37  1.047
38  0.976
39  0.668
40  0.887
41  2.594
42  2.484
43  2.872
44  3.191
45  3.132
46  2.472
47  2.743
48  3.326
49  3.336
50  2.497
51  2.304
52  2.790
53  2.735
54  2.754
55  0.973
56  0.809
57  1.013
58  0.737
59  1.045
60  0.652
61  0.606
62  0.958
63  0.668
64  0.772
65  1.013
66  0.604
67  0.750
68  0.816
69  0.750
70  0.900
71  0.868
72  0.886
73  0.832
74  0.851
75  0.663
76  0.663
77  0.719
78  0.818
79  0.996
80  0.865
81  0.966
82  0.612
83  0.560
84  0.779
85  0.551
86  0.698
87  0.574
88  1.009
89  0.677
90  0.836
91  0.795
92  0.578
93  0.795
94  0.897
95  0.793
96  0.740
97  0.983
98  0.591
99  0.555
100  0.999
101  1.038
102  1.013
103  0.645
104  0.731
105  0.556
106  0.800
107  0.637
108  0.948
109  0.827
110  0.592
111  0.565
112  0.602
113  0.663
114  0.960
115  0.672
116  0.849
117  0.563
118  0.679
119  0.613
120  0.572
121  3.030
122  2.981
123  2.506
124  2.338
125  2.368
126  2.327
127  2.874
128  3.059
129  2.147
130  3.048
131  2.933
132  2.518
133  2.649
134  2.655
135  0.777
136  1.017
137  1.020
138  0.609
139  0.724
140  0.586
141  0.848
142  0.846
143  0.706
144  0.842
145  0.918
146  0.788
147  0.778
148  0.746
149  0.903
150  0.680
151  0.862
152  0.655
153  1.019
154  0.816
155  1.003
156  0.774
157  1.025
158  0.747
159  0.635
160  1.038
161  0.776
162  1.019
163  1.009
164  1.034
165  0.879
166  0.671
167  0.982
168  0.933
169  0.774
170  1.016
171  0.832
172  1.010
173  0.578
174  0.841
175  0.764
176  0.901
177  0.725
178  0.765
179  0.828
180  0.810
181  0.658
182  0.563
183  0.967
184  0.835
185  0.888
186  0.717
187  0.974
188  0.754
189  0.779
190  0.942
191  0.951
192  0.709
193  0.678
194  0.981
195  0.677
196  0.929
197  0.844
198  0.742
199  0.763
200  0.773
